
1
1.0891180521811202527
1.1789767925673958433
1.2701455431742086633
1.3632090180450091941
1.4587818160364217007
1.5575237916251418333
1.6601571006859253673
1.7674858188369780435
1.8804192098842727359
2


1
1.1121114330934078681
1.2310389249316089299
1.3583836963111376089
1.4960519303993531879
1.6463542337511945810
1.8121385357018724464
1.9969713246183068478
2.2053895545527544330
2.4432574483385252544
Math.E


1
1.1187738849693603
1.2464963939368214
1.38527004705667
1.5376664685821402
1.7068895236551784
1.897001227148399
2.1132403089001035
2.362480153784171
2.6539010333870774
3


1
1.1367350847096405
1.2889510672956703
1.4606478703324786
1.6570295196661111
1.8850062585672889
2.1539465047453485
2.476829779693097
2.872061932789197
3.3664204535587183
4


1
1.1494592900767588
1.319708228183931
1.5166291280087583
1.748171114438024
2.0253263297298045
2.3636668498288547
2.7858359149579424
3.3257226212448145
4.035730287722532
5


1
1.159225940787673
1.343712473580932
1.5611293155111927
1.8221199554561318
2.14183924486326
2.542468319282638
3.0574682501653316
3.7390572020926873
4.6719550537360774
6


1
1.1670905356972596
1.3632807444991446
1.5979222279405536
1.8842640123816674
2.2416069644878687
2.69893426559423
3.3012632110403577
4.121250340630164
5.281493033448316
7


1
1.1736630594087796
1.379783782386201
1.6292821855668218
1.9378971836180754
2.3289975651071977
2.8384347394720835
3.5232708454565906
4.478242031114584
5.868592169644505
8


1
1.1793017514670474
1.394054150657457
1.65664127441059
1.985170999970283
2.4069682290577457
2.9647310119960752
3.7278665320924946
4.814462547283592
6.436522247411611
9


1
1.1840100246247336579
1.4061375836156954169
1.6802272208863963918
2.026757028388618927
2.4770056063449647580
3.0805252717554819987
3.9191964192627283911
5.1351528408331864230
6.9899611795347148455
10;